7735 -0.5988 0.6315 -0.4926 1.0000
3508 -0.5872 0.6184 -0.5222 1.0000
3511 -0.5758 0.6056 -0.5493 1.0000
3516 -0.5645 0.5930 -0.5742 1.0000
3519 -0.5538 0.5810 -0.5964 1.0000
7760 -0.5534 0.5806 -0.5973 1.0000
3524 -0.5434 0.5695 -0.6168 1.0000
3527 -0.5336 0.5586 -0.6350 1.0000
7768 -0.5332 0.5580 -0.6359 1.0000
3536 -0.5238 0.5489 -0.6514 1.0000
3532 -0.5245 0.5483 -0.6514 1.0000
3537 -0.5151 0.5395 -0.6660 1.0000
3535 -0.5159 0.5387 -0.6660 1.0000
3540 -0.5072 0.5310 -0.6788 1.0000
7196 -0.1728 -0.9751 -0.1390 1.0000
2954 -0.1737 -0.9710 -0.1644 1.0000
2318 -0.1626 -0.9649 -0.2061 1.0000
6559 -0.1618 -0.9640 -0.2112 1.0000
6560 -0.1539 -0.9549 -0.2539 1.0000
2324 -0.1524 -0.9481 -0.2791 1.0000
2328 -0.1469 -0.9350 -0.3229 1.0000
6569 -0.1465 -0.9337 -0.3267 1.0000
6572 -0.1445 -0.9169 -0.3721 1.0000
2330 -0.1386 -0.9087 -0.3937 1.0000
38 -0.1376 -0.8888 -0.4371 1.0000
39 -0.1384 -0.8704 -0.4726 1.0000
4280 -0.1375 -0.8654 -0.4819 1.0000
29 -0.1385 -0.8542 -0.5012 1.0000
2912 0.9832 0.1500 -0.1042 1.0000
2915 0.9799 0.1364 -0.1455 1.0000
7156 0.9790 0.1353 -0.1523 1.0000
6495 0.9669 0.1263 -0.2216 1.0000
2254 0.9652 0.1252 -0.2298 1.0000
2255 0.9540 0.1186 -0.2752 1.0000
6493 0.9472 0.1173 -0.2985 1.0000
2256 0.9318 0.1138 -0.3448 1.0000
6497 0.9282 0.1132 -0.3544 1.0000
2259 0.9124 0.1144 -0.3930 1.0000
6500 0.9073 0.1143 -0.4046 1.0000
9 0.8821 0.1204 -0.4555 1.0000
4260 0.8732 0.1107 -0.4747 1.0000
