1298 -0.1625 0.8669 -0.4713 1.0000
1299 -0.1833 0.8899 -0.4177 1.0000
4666 -0.1454 0.9146 -0.3773 1.0000
4489 -0.1652 0.9326 -0.3209 1.0000
1476 -0.1273 0.9515 -0.2801 1.0000
1475 -0.1467 0.9639 -0.2224 1.0000
1474 -0.1025 0.9786 -0.1784 1.0000
4661 -0.1216 0.9852 -0.1211 1.0000
4684 -0.0607 0.9943 -0.0873 1.0000
4659 -0.0797 0.9963 -0.0307 1.0000
4683 -0.0195 0.9996 0.0185 1.0000
1499 -0.0356 0.9976 0.0600 1.0000
1497 0.0172 0.9891 0.1463 1.0000
1498 0.0054 0.9870 0.1605 1.0000
4688 0.0325 0.9613 0.2736 1.0000
4826 0.0331 0.9154 0.4011 1.0000
1638 0.0284 0.9031 0.4284 1.0000
1636 0.0179 0.8339 0.5517 1.0000
1635 -0.1062 0.7205 0.6853 1.0000
1634 -0.0439 0.6649 0.7456 1.0000
4821 -0.1098 0.6446 0.7566 1.0000
1631 -0.1755 0.4802 0.8595 1.0000
4818 -0.2939 0.4002 0.8680 1.0000
4816 -0.3549 0.2964 0.8866 1.0000
4815 -0.3979 0.2955 0.8685 1.0000
1627 -0.4539 0.2393 0.8583 1.0000
4812 -0.5240 0.2080 0.8260 1.0000
1624 -0.5799 0.1579 0.7993 1.0000
4811 -0.6501 0.0993 0.7533 1.0000
1623 -0.6871 0.0635 0.7237 1.0000
4808 -0.7861 -0.0372 0.6170 1.0000
4706 -0.8119 -0.1359 0.5677 1.0000
1521 -0.8744 -0.1954 0.4442 1.0000
4707 -0.8669 -0.2626 0.4237 1.0000
4711 -0.8952 -0.2876 0.3403 1.0000
1523 -0.9008 -0.2679 0.3417 1.0000
1444 -0.9315 -0.2022 0.3025 1.0000
1446 -0.9239 -0.0592 0.3779 1.0000
4631 -0.9169 0.1534 0.3685 1.0000
1443 -0.8277 0.3714 0.4208 1.0000
1442 -0.7931 0.4759 0.3801 1.0000
4630 -0.6979 0.5892 0.4071 1.0000
4525 -0.6872 0.6357 0.3515 1.0000
4627 -0.6213 0.6780 0.3928 1.0000
4528 -0.5540 0.7441 0.3733 1.0000
4624 -0.4894 0.7596 0.4285 1.0000
3956 0.8380 -0.1404 -0.5273 1.0000
5450 0.8732 -0.1474 -0.4646 1.0000
2263 0.8653 -0.1885 -0.4644 1.0000
2264 0.8802 -0.2392 -0.4099 1.0000
6125 0.8740 -0.3266 -0.3598 1.0000
2937 0.8186 -0.4406 -0.3684 1.0000
6126 0.8219 -0.4768 -0.3117 1.0000
2938 0.7459 -0.5804 -0.3267 1.0000
6076 0.7115 -0.6472 -0.2736 1.0000
2888 0.6538 -0.6978 -0.2926 1.0000
2886 0.5258 -0.8074 -0.2677 1.0000
6074 0.3958 -0.8721 -0.2878 1.0000
2503 0.3043 -0.9105 -0.2801 1.0000
5690 0.2113 -0.9229 -0.3219 1.0000
2504 0.1533 -0.9404 -0.3036 1.0000
5692 0.0618 -0.9491 -0.3088 1.0000
2506 -0.0031 -0.9316 -0.3636 1.0000
5694 -0.1844 -0.9173 -0.3530 1.0000
5864 -0.2246 -0.8812 -0.4160 1.0000
2678 -0.3555 -0.8459 -0.3976 1.0000
5863 -0.5097 -0.7363 -0.4451 1.0000
2675 -0.6913 -0.6154 -0.3787 1.0000
5986 -0.7547 -0.5177 -0.4030 1.0000
5860 -0.8597 -0.4147 -0.2982 1.0000
5983 -0.8818 -0.3395 -0.3274 1.0000
2795 -0.9117 -0.2912 -0.2898 1.0000
5857 -0.9160 -0.3219 -0.2394 1.0000
5980 -0.9264 -0.2743 -0.2582 1.0000
5854 -0.9283 -0.3047 -0.2132 1.0000
5978 -0.9295 -0.2755 -0.2452 1.0000
2790 -0.9224 -0.2859 -0.2598 1.0000
5851 -0.9138 -0.3310 -0.2355 1.0000
5974 -0.9178 -0.2562 -0.3035 1.0000
2788 -0.9106 -0.3030 -0.2812 1.0000
2789 -0.8991 -0.2832 -0.3337 1.0000
6071 -0.8861 -0.3314 -0.3241 1.0000
5832 -0.8844 -0.3041 -0.3541 1.0000
2645 -0.8832 -0.2621 -0.3889 1.0000
5835 -0.8761 -0.3041 -0.3740 1.0000
5638 -0.8800 -0.2762 -0.3865 1.0000
2450 -0.8834 -0.2593 -0.3904 1.0000
2451 -0.8861 -0.2514 -0.3895 1.0000
5641 -0.8848 -0.2817 -0.3711 1.0000
3190 -0.9583 -0.1604 0.2366 1.0000
781 -0.9569 -0.0964 0.2738 1.0000
779 -0.9429 -0.0585 0.3279 1.0000
3967 -0.9458 -0.0516 0.3205 1.0000
783 -0.9264 -0.0284 0.3754 1.0000
3971 -0.9269 -0.0175 0.3750 1.0000
3985 -0.9025 0.0007 0.4308 1.0000
797 -0.9000 0.0056 0.4358 1.0000
796 -0.8692 0.0235 0.4939 1.0000
3982 -0.8720 0.0167 0.4892 1.0000
4063 -0.8342 0.0355 0.5503 1.0000
876 -0.8343 0.0226 0.5508 1.0000
4061 -0.7890 0.0417 0.6130 1.0000
4062 -0.7870 0.0288 0.6162 1.0000
871 -0.7442 0.0548 0.6657 1.0000
4066 -0.7428 0.0521 0.6675 1.0000
4104 -0.6978 0.0894 0.7107 1.0000
914 -0.6989 0.1004 0.7081 1.0000
915 -0.6472 0.1522 0.7470 1.0000
4101 -0.6537 0.1796 0.7351 1.0000
917 -0.5970 0.2465 0.7635 1.0000
962 -0.6094 0.2778 0.7426 1.0000
4148 -0.5676 0.3832 0.7287 1.0000
960 -0.5615 0.4125 0.7173 1.0000
958 -0.5171 0.5512 0.6548 1.0000
4189 -0.4451 0.7846 0.4317 1.0000
999 -0.4862 0.8239 0.2913 1.0000
4187 -0.4369 0.8972 0.0644 1.0000
998 -0.4075 0.9131 0.0164 1.0000
997 -0.4808 0.8757 -0.0439 1.0000
996 -0.4378 0.8876 -0.1431 1.0000
4182 -0.4660 0.8313 -0.3028 1.0000
4211 -0.4233 0.8064 -0.4130 1.0000
1024 -0.4654 0.7273 -0.5044 1.0000
4212 -0.4237 0.7119 -0.5600 1.0000
1029 -0.4436 0.6108 -0.6559 1.0000
4215 -0.3851 0.5441 -0.7454 1.0000
1030 -0.3495 0.4602 -0.8161 1.0000
1028 -0.2748 0.3851 -0.8810 1.0000
1033 -0.1990 0.2501 -0.9475 1.0000
4221 -0.0879 0.2226 -0.9709 1.0000
4223 -0.0140 0.1156 -0.9932 1.0000
1035 0.0599 0.1229 -0.9906 1.0000
6179 0.1385 0.0781 -0.9873 1.0000
4225 0.1816 0.0564 -0.9817 1.0000
6178 0.2373 0.0469 -0.9703 1.0000
4228 0.2700 0.0309 -0.9624 1.0000
6181 0.3124 0.0497 -0.9487 1.0000
4230 0.3277 0.0375 -0.9440 1.0000
3178 -0.3743 -0.0673 -0.9249 1.0000
6366 -0.3783 -0.1252 -0.9172 1.0000
6208 -0.4190 -0.1792 -0.8901 1.0000
3020 -0.4317 -0.2517 -0.8662 1.0000
3019 -0.4932 -0.2978 -0.8173 1.0000
6207 -0.5145 -0.3555 -0.7803 1.0000
4254 -0.5700 -0.3458 -0.7453 1.0000
1066 -0.5903 -0.3921 -0.7056 1.0000
1065 -0.6391 -0.3623 -0.6785 1.0000
4253 -0.6686 -0.3969 -0.6288 1.0000
3449 -0.7271 -0.3740 -0.5757 1.0000
261 -0.8010 -0.4338 -0.4125 1.0000
3448 -0.9018 -0.4297 -0.0452 1.0000
260 -0.7925 -0.4121 0.4496 1.0000
3447 -0.6048 -0.2918 0.7410 1.0000
1059 -0.5575 -0.2999 0.7741 1.0000
1058 -0.4520 -0.2954 0.8417 1.0000
4244 -0.4157 -0.2388 0.8776 1.0000
3007 -0.4032 -0.2769 0.8722 1.0000
3006 -0.3648 -0.3221 0.8736 1.0000
6192 -0.3584 -0.2795 0.8907 1.0000
3103 -0.3357 -0.3352 0.8803 1.0000
6291 -0.3564 -0.3395 0.8705 1.0000
3101 -0.3332 -0.3054 0.8920 1.0000
2445 0.4285 -0.3082 -0.8494 1.0000
5633 0.4591 -0.2805 -0.8429 1.0000
2443 0.4697 -0.3494 -0.8107 1.0000
5392 0.4885 -0.3064 -0.8170 1.0000
2204 0.5185 -0.2855 -0.8060 1.0000
5390 0.5231 -0.3500 -0.7771 1.0000
2202 0.5494 -0.3377 -0.7643 1.0000
5391 0.5941 -0.3015 -0.7457 1.0000
2201 0.5845 -0.3597 -0.7273 1.0000
5389 0.6368 -0.3586 -0.6826 1.0000
3888 0.6836 -0.3977 -0.6120 1.0000
700 0.7546 -0.4049 -0.5164 1.0000
3886 0.7878 -0.4713 -0.3965 1.0000
698 0.8184 -0.4738 -0.3253 1.0000
697 0.8526 -0.5216 -0.0308 1.0000
696 0.8522 -0.4936 0.1734 1.0000
3882 0.7833 -0.4920 0.3800 1.0000
694 0.7701 -0.4864 0.4128 1.0000
3880 0.6734 -0.4737 0.5677 1.0000
692 0.6600 -0.4291 0.6166 1.0000
5377 0.5907 -0.4198 0.6891 1.0000
2189 0.5819 -0.3591 0.7297 1.0000
5375 0.5143 -0.3996 0.7588 1.0000
2187 0.5254 -0.3564 0.7726 1.0000
5372 0.4900 -0.3463 0.8000 1.0000
2184 0.5025 -0.2955 0.8125 1.0000
5370 0.4347 -0.3229 0.8407 1.0000
2182 0.4665 -0.2870 0.8367 1.0000
5607 0.4404 -0.2787 0.8535 1.0000
2419 0.4716 -0.2371 0.8493 1.0000
5605 0.4032 -0.2584 0.8778 1.0000
2417 0.4429 -0.2275 0.8672 1.0000
3263 0.1392 -0.9902 -0.0098 1.0000
3594 0.1464 -0.9890 -0.0214 1.0000
3194 0.1494 -0.9887 -0.0133 1.0000
6 0.1588 -0.9873 -0.0037 1.0000
4 0.1647 -0.9863 0.0001 1.0000
5 0.1731 -0.9848 0.0133 1.0000
86 0.1910 -0.9815 0.0134 1.0000
88 0.2015 -0.9786 0.0413 1.0000
3276 0.2093 -0.9770 0.0409 1.0000
3275 0.2258 -0.9734 0.0399 1.0000
3726 0.2321 -0.9692 0.0826 1.0000
538 0.2409 -0.9671 0.0822 1.0000
540 0.2504 -0.9573 0.1441 1.0000
3727 0.2660 -0.9539 0.1387 1.0000
5240 0.2741 -0.9383 0.2106 1.0000
2052 0.2821 -0.9370 0.2061 1.0000
2054 0.2821 -0.9203 0.2710 1.0000
5241 0.2973 -0.9179 0.2629 1.0000
5499 0.2997 -0.8937 0.3339 1.0000
2311 0.3042 -0.8920 0.3342 1.0000
2313 0.2984 -0.8627 0.4083 1.0000
5501 0.3171 -0.8576 0.4050 1.0000
2315 0.3028 -0.8211 0.4838 1.0000
2538 0.3178 -0.8210 0.4744 1.0000
5729 0.3076 -0.7677 0.5622 1.0000
5728 0.3148 -0.7705 0.5542 1.0000
2542 0.3031 -0.7145 0.6305 1.0000
5730 0.3316 -0.7027 0.6295 1.0000
5904 0.3363 -0.6382 0.6925 1.0000
2716 0.3905 -0.6046 0.6942 1.0000
2718 0.4241 -0.5072 0.7503 1.0000
5906 0.5206 -0.4315 0.7368 1.0000
2720 0.6649 -0.1849 0.7236 1.0000
2721 0.7518 -0.1192 0.6485 1.0000
5909 0.9025 0.1809 0.3909 1.0000
2884 0.8910 0.4537 -0.0176 1.0000
5739 0.8142 0.5284 -0.2407 1.0000
5740 0.7696 0.5296 -0.3566 1.0000
5741 0.7316 0.5276 -0.4317 1.0000
2553 0.7120 0.5278 -0.4632 1.0000
5518 0.6914 0.4960 -0.5253 1.0000
2330 0.6782 0.5194 -0.5198 1.0000
2329 0.6183 0.5220 -0.5875 1.0000
5262 0.5783 0.5012 -0.6437 1.0000
2074 0.5535 0.5421 -0.6323 1.0000
2075 0.5166 0.4923 -0.7005 1.0000
5263 0.5115 0.5297 -0.6766 1.0000
3751 0.4535 0.5338 -0.7138 1.0000
563 0.4402 0.5660 -0.6970 1.0000
562 0.3813 0.5967 -0.7061 1.0000
3750 0.3746 0.6253 -0.6846 1.0000
3302 0.3208 0.5960 -0.7361 1.0000
112 0.3129 0.6452 -0.6970 1.0000
3300 0.3092 0.6586 -0.6860 1.0000
3566 0.2613 0.6924 -0.6725 1.0000
3565 0.2586 0.7277 -0.6352 1.0000
379 0.2577 0.7640 -0.5915 1.0000
3216 0.4360 -0.1564 0.8863 1.0000
3640 0.4295 -0.1544 0.8898 1.0000
451 0.4687 -0.1544 0.8698 1.0000
3639 0.4344 -0.1696 0.8846 1.0000
1954 0.4475 -0.1738 0.8772 1.0000
4297 0.4878 -0.1714 0.8560 1.0000
1110 0.4990 -0.1790 0.8479 1.0000
4298 0.4694 -0.2027 0.8594 1.0000
1111 0.5316 -0.1870 0.8261 1.0000
4299 0.4936 -0.2088 0.8442 1.0000
4562 0.5092 -0.2191 0.8323 1.0000
1373 0.5389 -0.2232 0.8122 1.0000
4561 0.5104 -0.2685 0.8169 1.0000
1406 0.5568 -0.2601 0.7888 1.0000
4592 0.5342 -0.3043 0.7887 1.0000
4593 0.5692 -0.3168 0.7587 1.0000
1405 0.5842 -0.3275 0.7426 1.0000
1562 0.6241 -0.3292 0.7086 1.0000
1561 0.6202 -0.3955 0.6775 1.0000
4748 0.6780 -0.4049 0.6135 1.0000
1560 0.6982 -0.4220 0.5783 1.0000
1581 0.7540 -0.4180 0.5067 1.0000
1582 0.8298 -0.4502 0.3299 1.0000
1580 0.8411 -0.5097 0.1810 1.0000
4771 0.8713 -0.4891 0.0397 1.0000
4901 0.8487 -0.5125 -0.1307 1.0000
1710 0.8515 -0.4792 -0.2127 1.0000
4898 0.7934 -0.4894 -0.3619 1.0000
4894 0.7904 -0.4446 -0.4213 1.0000
1706 0.7525 -0.4511 -0.4798 1.0000
4891 0.7084 -0.4264 -0.5625 1.0000
4890 0.6746 -0.3813 -0.6321 1.0000
1702 0.6394 -0.3886 -0.6635 1.0000
4887 0.6084 -0.3668 -0.7038 1.0000
1699 0.5824 -0.3712 -0.7232 1.0000
1732 0.5778 -0.3158 -0.7526 1.0000
4920 0.5596 -0.3337 -0.7586 1.0000
1735 0.5397 -0.3097 -0.7828 1.0000
4923 0.5217 -0.3213 -0.7904 1.0000
1736 0.5061 -0.2685 -0.8196 1.0000
4924 0.5034 -0.2909 -0.8137 1.0000
1739 0.4792 -0.2706 -0.8350 1.0000
4927 0.4715 -0.3079 -0.8263 1.0000
4928 0.4566 -0.2545 -0.8525 1.0000
1740 0.4523 -0.2943 -0.8419 1.0000
1807 0.4277 -0.2420 -0.8709 1.0000
4995 0.4313 -0.2659 -0.8621 1.0000
