682 -0.9999 0.0098 -0.0139 1.0000
683 -0.9946 -0.0076 -0.1039 1.0000
664 -0.9933 -0.0039 -0.1155 1.0000
3454 -0.9885 0.0356 -0.1469 1.0000
2022 -0.9812 0.0379 -0.1894 1.0000
2342 -0.9725 0.0457 -0.2286 1.0000
3232 -0.9603 0.0517 -0.2741 1.0000
623 -0.9581 0.0380 -0.2840 1.0000
3479 -0.9390 0.0454 -0.3410 1.0000
2648 -0.9303 0.0453 -0.3639 1.0000
1552 -0.9151 0.0591 -0.3988 1.0000
582 -0.9050 0.0858 -0.4167 1.0000
1532 -0.8858 0.0910 -0.4551 1.0000
3027 -0.8758 0.0947 -0.4733 1.0000
1515 -0.8553 0.1016 -0.5081 1.0000
2794 -0.8447 0.1050 -0.5248 1.0000
1491 -0.8229 0.1114 -0.5572 1.0000
522 -0.8115 0.1170 -0.5725 1.0000
3244 -0.7880 0.1263 -0.6026 1.0000
1472 -0.7748 0.1488 -0.6145 1.0000
2086 -0.7491 0.1603 -0.6428 1.0000
482 -0.7357 0.1646 -0.6570 1.0000
459 -0.7033 0.1645 -0.6916 1.0000
3405 -0.6934 0.1646 -0.7015 1.0000
435 -0.6573 0.1456 -0.7395 1.0000
2302 -0.6401 0.1515 -0.7532 1.0000
1425 -0.5970 0.1417 -0.7896 1.0000
2283 -0.5904 0.1502 -0.7930 1.0000
2758 -0.5837 0.1378 -0.8002 1.0000
2084 -0.5768 0.1461 -0.8037 1.0000
2272 -0.5251 0.1511 -0.8375 1.0000
1389 -0.5004 0.1330 -0.8555 1.0000
2271 -0.4560 0.1342 -0.8798 1.0000
2071 -0.3849 0.1219 -0.9149 1.0000
2902 -0.3739 0.1221 -0.9194 1.0000
375 -0.3499 0.1029 -0.9311 1.0000
2939 -0.2611 0.0923 -0.9609 1.0000
1371 -0.1863 0.0557 -0.9809 1.0000
353 -0.1389 0.0452 -0.9893 1.0000
376 -0.0854 0.0036 -0.9963 1.0000
3164 0.0201 -0.0048 -0.9998 1.0000
2771 0.1663 -0.0616 -0.9842 1.0000
1372 0.2775 -0.0604 -0.9588 1.0000
1392 0.3251 -0.1121 -0.9390 1.0000
2198 0.4306 -0.1319 -0.8929 1.0000
1394 0.4879 -0.1548 -0.8590 1.0000
397 0.5192 -0.1583 -0.8399 1.0000
2946 0.5487 -0.1231 -0.8269 1.0000
2016 0.5854 -0.1220 -0.8015 1.0000
3324 0.6421 -0.1516 -0.7515 1.0000
1429 0.6497 -0.1506 -0.7451 1.0000
2607 0.6719 -0.1364 -0.7280 1.0000
443 0.7056 -0.1348 -0.6957 1.0000
3348 0.7115 -0.1447 -0.6876 1.0000
466 0.7483 -0.1273 -0.6511 1.0000
3347 0.7712 -0.1082 -0.6273 1.0000
1461 0.7925 -0.0922 -0.6028 1.0000
509 0.8169 -0.0895 -0.5698 1.0000
1478 0.8352 -0.0864 -0.5432 1.0000
3531 0.8560 -0.0957 -0.5081 1.0000
530 0.8802 -0.0818 -0.4674 1.0000
1524 0.8914 -0.0791 -0.4462 1.0000
3532 0.9168 -0.0372 -0.3975 1.0000
568 0.9234 -0.0353 -0.3823 1.0000
1542 0.9328 -0.0317 -0.3591 1.0000
1563 0.9475 -0.0169 -0.3195 1.0000
592 0.9556 -0.0094 -0.2946 1.0000
2645 0.9679 -0.0032 -0.2511 1.0000
613 0.9788 0.0005 -0.2050 1.0000
2061 0.9843 0.0049 -0.1762 1.0000
652 0.9920 0.0122 -0.1257 1.0000
2218 0.9969 0.0309 -0.0723 1.0000
2446 0.9981 0.0354 -0.0498 1.0000
696 0.9958 0.0912 0.0073 1.0000
697 0.9938 0.1017 0.0440 1.0000
1675 0.9935 0.0897 0.0700 1.0000
